Building_B_8_1

5
28
15.05	40.1
-0.1	40.1
-0.1	-0.1
15.05	-0.1
15.05	7.5
14.95	7.5
14.95	0
0	0
0	17.45
14.95	17.45
14.95	10
15.05	10
15.05	17.55
0	17.55
0	19.95
12.5	19.95
12.5	20.05
0	20.05
0	22.45
15.05	22.45
15.05	30
14.95	30
14.95	22.55
0	22.55
0	40
14.95	40
14.95	32.5
15.05	32.5

28
55.05	40.1
39.9	40.1
39.9	-0.1
55.05	-0.1
55.05	7.5
54.95	7.5
54.95	0
40	0
40	17.45
54.95	17.45
54.95	10
55.05	10
55.05	17.55
40	17.55
40	19.95
52.5	19.95
52.5	20.05
40	20.05
40	22.45
55.05	22.45
55.05	30
54.95	30
54.95	22.55
40	22.55
40	40
54.95	40
54.95	32.5
55.05	32.5

22
15.05	40.1
15.05	40
17.45	40
17.45	32.5
17.55	32.5
17.55	40
32.45	40
32.45	22.55
17.55	22.55
17.55	30
17.45	30
17.45	10
17.55	10
17.55	17.45
32.45	17.45
32.45	0
17.55	0
17.55	7.5
17.45	7.5
17.45	-0.1
32.55	-0.1
32.55	40.1

14
57.55	0
57.55	7.5
57.45	7.5
57.45	0
55.05	0
55.05	-0.1
72.55	-0.1
72.55	17.55
57.45	17.55
57.45	10
57.55	10
57.55	17.45
72.45	17.45
72.45	0

14
57.55	22.55
57.55	30
57.45	30
57.45	22.45
72.55	22.45
72.55	40.1
55.05	40.1
55.05	40
57.45	40
57.45	32.5
57.55	32.5
57.55	40
72.45	40
72.45	22.55

2
0	0	1	40	45	17.5	20	7.5	12.5	21	21.5
0	1	0	0	5	20	22.5	47.5	52.5	18.5	19

8
52.5	31.25	2
60	31.25	2
52.5	8.75	2
60	8.75	2
12.5	31.25	2
20	31.25	2
12.5	8.75	2
20	8.75	2

1
87.5	20	5

45	35
67.5	35
45	5
67.5	5
5	35
27.5	35
5	5
27.5	5

112.5	20

Road_Map_B_8_1.txt
