Timetable_Instance_16_3

48
16
5
16

Event_1
Event_2
Event_3
Event_4
Event_5
Event_6
Event_7
Event_8
Event_9
Event_10
Event_11
Event_12
Event_13
Event_14
Event_15
Event_16
Event_17
Event_18
Event_19
Event_20
Event_21
Event_22
Event_23
Event_24
Event_25
Event_26
Event_27
Event_28
Event_29
Event_30
Event_31
Event_32
Event_33
Event_34
Event_35
Event_36
Event_37
Event_38
Event_39
Event_40
Event_41
Event_42
Event_43
Event_44
Event_45
Event_46
Event_47
Event_48

Eventgroup_1
Eventgroup_2
Eventgroup_3
Eventgroup_4
Eventgroup_5
Eventgroup_6
Eventgroup_7
Eventgroup_8
Eventgroup_9
Eventgroup_10
Eventgroup_11
Eventgroup_12
Eventgroup_13
Eventgroup_14
Eventgroup_15
Eventgroup_16

Room_1
Room_2
Room_3
Room_4
Room_5
Room_6
Room_7
Room_8
Room_9
Room_10
Room_11
Room_12
Room_13
Room_14
Room_15
Room_16

0	0	0	0	1	0	0	0	0	0	0	0	0	0	0	0	0	0	0	0	1	0	0	0	0	0	0	0	0	0	0	0	0	0	0	0	0	0	0	1	0	0	0	0	0	0	0	0
0	0	0	0	0	0	0	1	0	0	0	0	0	0	0	0	0	1	0	0	0	0	0	0	0	0	1	0	0	0	0	1	0	0	0	0	0	0	0	0	0	0	0	0	0	0	0	0
0	0	0	0	0	0	0	0	0	0	0	0	0	0	1	0	0	0	0	0	0	0	0	0	0	0	0	0	0	0	0	0	0	0	0	1	0	0	0	0	0	0	0	0	0	0	0	0
0	0	1	0	0	0	0	0	0	0	0	0	0	0	0	0	0	0	0	1	0	0	0	1	0	0	0	0	0	0	0	0	0	0	0	0	1	0	0	0	0	0	0	0	0	0	0	0
0	0	0	0	0	0	0	0	0	0	0	0	1	0	0	0	0	0	0	0	0	0	0	0	0	0	0	0	0	0	0	0	1	0	0	0	0	0	0	0	0	0	0	0	0	0	0	0
0	0	0	0	0	0	0	0	0	0	1	0	0	0	0	0	0	0	0	0	0	1	0	0	0	0	0	0	0	0	0	0	0	0	0	0	0	0	0	0	0	1	0	0	0	0	0	1
0	0	0	0	0	0	1	0	0	0	0	0	0	0	0	0	0	0	0	0	0	0	0	0	0	0	0	0	0	0	0	0	0	0	0	0	0	0	0	0	1	0	0	0	0	0	0	0
0	0	0	0	0	0	0	0	0	1	0	0	0	0	0	0	0	0	1	0	0	0	0	0	1	0	0	0	0	0	0	0	0	0	1	0	0	0	0	0	0	0	0	0	0	1	0	0
0	0	0	0	0	0	0	0	0	0	0	1	0	0	0	0	0	0	0	0	0	0	1	0	0	0	0	0	0	0	1	0	0	0	0	0	0	0	0	0	0	0	0	0	1	0	0	0
0	1	0	0	0	0	0	0	0	0	0	0	0	0	0	0	0	0	0	0	0	0	0	0	0	0	0	0	0	0	0	0	0	1	0	0	0	0	0	0	0	0	0	0	0	0	0	0
0	0	0	0	0	0	0	0	0	0	0	0	0	1	0	0	0	0	0	0	0	0	0	0	0	0	0	0	0	0	0	0	0	0	0	0	0	0	0	0	0	0	0	1	0	0	0	0
0	0	0	0	0	1	0	0	0	0	0	0	0	0	0	0	0	0	0	0	0	0	0	0	0	0	0	0	1	0	0	0	0	0	0	0	0	0	0	0	0	0	0	0	0	0	0	0
0	0	0	0	0	0	0	0	0	0	0	0	0	0	0	1	0	0	0	0	0	0	0	0	0	0	0	0	0	0	0	0	0	0	0	0	0	1	0	0	0	0	0	0	0	0	0	0
1	0	0	0	0	0	0	0	0	0	0	0	0	0	0	0	0	0	0	0	0	0	0	0	0	0	0	1	0	0	0	0	0	0	0	0	0	0	1	0	0	0	0	0	0	0	0	0
0	0	0	0	0	0	0	0	1	0	0	0	0	0	0	0	0	0	0	0	0	0	0	0	0	1	0	0	0	1	0	0	0	0	0	0	0	0	0	0	0	0	0	0	0	0	0	0
0	0	0	1	0	0	0	0	0	0	0	0	0	0	0	0	1	0	0	0	0	0	0	0	0	0	0	0	0	0	0	0	0	0	0	0	0	0	0	0	0	0	1	0	0	0	1	0

1	1	0	1	0	1	1	0	1	0	1	0	1	1	0	1
1	1	1	1	1	0	1	1	1	1	0	1	1	1	0	1
1	0	1	1	1	0	1	1	1	1	0	1	1	0	0	1
1	1	1	1	1	0	1	1	0	0	1	0	1	1	1	0
0	1	1	0	0	1	1	1	1	1	1	0	1	0	1	1
1	1	0	1	1	1	0	0	1	1	0	0	0	0	1	1
1	1	0	1	0	0	0	1	0	1	0	0	1	1	1	0
0	1	0	1	1	1	0	1	0	1	0	1	1	0	1	0
1	1	1	0	1	0	1	1	0	0	0	1	1	1	1	0
0	1	0	1	1	1	1	1	1	1	1	0	1	1	0	1
1	1	0	1	1	0	0	0	1	1	0	1	1	0	0	1
0	1	1	1	1	1	0	1	0	1	1	0	1	0	1	1
1	1	0	0	1	1	0	1	1	1	1	0	1	1	1	1
1	1	1	1	1	1	0	1	0	1	1	1	0	1	1	1
1	0	0	1	0	1	1	0	0	1	1	0	1	1	1	0
1	1	1	1	0	1	1	0	0	1	1	1	1	1	1	0
0	1	1	1	0	1	1	0	1	1	1	1	1	0	1	1
1	1	1	0	0	0	0	0	0	1	1	1	1	1	1	1
1	1	1	1	1	0	1	0	0	1	1	1	1	0	0	1
1	1	1	1	0	1	0	0	0	1	1	1	1	1	0	1
1	0	0	0	1	1	1	1	1	1	1	1	1	0	0	1
1	1	0	1	1	1	1	1	0	1	1	1	1	0	0	1
1	1	1	0	1	1	1	0	1	0	0	0	1	1	1	0
1	1	1	1	0	0	1	1	1	1	1	1	1	0	0	0
1	1	1	0	1	1	0	0	0	1	1	1	1	1	0	1
1	0	0	1	0	1	0	1	0	1	0	1	0	1	1	1
1	1	1	1	1	1	1	0	1	0	0	1	1	0	1	1
0	1	1	1	1	0	1	0	1	1	1	1	1	0	1	0
1	1	1	1	1	0	1	0	1	0	1	1	0	0	0	0
1	1	1	1	1	1	1	1	0	0	1	1	1	1	0	1
0	1	0	1	0	0	0	1	1	0	1	1	1	0	1	1
0	1	1	0	1	1	1	1	0	0	1	1	1	1	1	0
1	1	1	1	1	1	0	0	1	1	1	1	0	0	1	1
0	0	0	0	0	0	1	1	0	1	1	1	1	1	0	0
1	1	1	0	1	1	1	0	0	1	1	0	1	1	1	0
1	1	1	1	0	1	1	1	1	1	1	0	1	1	1	0
0	0	0	1	1	0	0	1	0	1	1	1	1	1	1	0
1	1	1	1	0	1	1	1	1	1	1	1	1	0	1	1
0	1	0	1	1	1	0	1	0	1	0	1	1	0	1	1
1	0	0	0	0	1	1	1	1	1	1	1	1	1	1	1
0	0	0	1	0	1	0	1	1	1	1	1	1	1	1	1
1	1	1	1	0	1	1	1	0	1	1	0	0	0	1	1
0	1	1	0	1	1	1	1	1	0	1	1	0	0	0	0
1	1	0	1	1	0	1	1	0	1	1	1	1	1	1	1
0	1	1	1	1	1	1	1	0	1	1	1	0	1	0	0
0	1	1	1	0	0	1	0	0	0	0	0	1	1	0	0
1	1	0	1	0	1	1	0	1	1	1	1	1	1	1	1
1	1	1	1	0	1	0	1	0	1	1	0	1	1	1	1

12
17
18
22
20
12
16
23
10
5
12
15
11
25
16
13
22
23
5
18
20
12
15
18
5
10
23
12
12
10
15
23
11
17
5
16
18
13
12
20
16
12
22
25
15
5
22
12

20
23
16
18
11
12
16
5
15
17
25
12
13
12
10
22

