Timetable_Instance_B_8_5

32
8
5
8

Event_1
Event_2
Event_3
Event_4
Event_5
Event_6
Event_7
Event_8
Event_9
Event_10
Event_11
Event_12
Event_13
Event_14
Event_15
Event_16
Event_17
Event_18
Event_19
Event_20
Event_21
Event_22
Event_23
Event_24
Event_25
Event_26
Event_27
Event_28
Event_29
Event_30
Event_31
Event_32

Eventgroup_1
Eventgroup_2
Eventgroup_3
Eventgroup_4
Eventgroup_5
Eventgroup_6
Eventgroup_7
Eventgroup_8

Room_1
Room_2
Room_3
Room_4
Room_5
Room_6
Room_7
Room_8

1	0	0	0	0	0	0	0	0	0	0	0	0	0	1	0	0	1	0	0	0	0	0	0	0	0	0	1	0	0	0	0
0	0	0	1	0	0	0	1	0	0	0	0	0	0	0	0	1	0	0	0	0	0	0	0	0	0	1	0	0	0	0	0
0	0	0	0	0	0	0	0	0	1	0	0	0	0	0	0	0	0	0	0	1	0	0	0	0	0	0	0	0	1	0	0
0	1	0	0	0	0	0	0	1	0	0	0	0	0	0	0	0	0	1	0	0	0	0	0	0	0	0	0	0	0	0	1
0	0	0	0	0	0	0	0	0	0	0	0	1	0	0	0	0	0	0	1	0	0	0	0	0	0	0	0	0	0	1	0
0	0	0	0	1	0	1	0	0	0	0	0	0	0	0	0	0	0	0	0	0	0	0	1	0	1	0	0	0	0	0	0
0	0	1	0	0	0	0	0	0	0	0	1	0	0	0	1	0	0	0	0	0	1	0	0	1	0	0	0	0	0	0	0
0	0	0	0	0	1	0	0	0	0	1	0	0	1	0	0	0	0	0	0	0	0	1	0	0	0	0	0	1	0	0	0

1	0	1	1	0	1	1	1
1	1	1	1	0	1	1	0
1	0	0	1	0	0	1	1
1	1	1	0	0	1	0	1
1	1	0	1	0	1	0	0
1	0	0	1	1	0	1	1
0	1	1	1	1	1	1	1
0	1	0	1	1	1	1	0
1	0	1	0	0	1	1	1
0	1	1	0	1	1	1	1
0	0	1	1	1	1	0	1
1	1	0	1	1	1	0	1
1	1	1	1	0	1	1	0
1	1	0	1	0	1	0	1
1	1	0	1	1	1	1	1
1	0	1	1	1	1	0	1
1	0	1	0	0	1	1	0
1	1	1	1	0	1	1	1
1	1	1	1	1	1	0	0
1	0	0	0	1	1	1	0
0	1	0	1	0	1	1	1
1	1	0	1	1	1	1	1
0	1	1	1	1	0	1	1
1	1	1	1	0	1	1	1
1	0	1	1	1	1	1	0
1	1	0	1	0	0	1	1
0	1	1	0	0	0	1	1
1	1	0	1	1	1	0	0
1	1	1	1	1	1	0	1
1	1	1	1	1	0	1	1
0	0	1	1	1	0	1	1
1	1	0	1	1	1	1	1

11
14
9
22
17
17
17
22
14
7
17
9
12
17
11
9
22
11
14
12
7
9
17
17
9
17
22
11
17
7
12
14

11
22
7
14
12
17
9
17

